cam0:
  T_cam_imu:
  - [0.011119190617372057, 0.999880584780553, -0.010732184256400146, 0.07679329750256329]
  - [0.9999380921809025, -0.01112304454229511, -0.0002994757527993797, 0.0033849793459566216]
  - [-0.0004188145543566968, -0.010728189922298025, -0.9999423636067027, -0.009172334517313835]
  - [0.0, 0.0, 0.0, 1.0]
  camera_model: pinhole
  distortion_coeffs: [0.0043223786911166, -0.0448405164285339, 0.00019498020227043123, -0.0013197399563750606]
  distortion_model: radtan
  intrinsics: [402.2875884269033, 402.27348159196305, 331.54260440803483, 203.59389426713713]
  resolution: [640, 400]
  rostopic: /left/image_raw
  timeshift_cam_imu: 0.0023296971957541225
