id: right
model: PINHOLE
focal_length: [394.4940062492245, 394.6612326011222]
principal_point: [318.7235121115633, 208.2288495005392]
image_size: [640, 400]
distortion_coefficients: [-0.004403486291465944, -0.029323007435445417, -0.001218685789805764,
  -0.0009086609742631385, 0.0]
skew: 0
