id: left
model: PINHOLE
focal_length: [402.2875884269033, 402.27348159196305]
principal_point: [331.54260440803483, 203.59389426713713]
image_size: [640, 400]
distortion_coefficients: [0.0043223786911166, -0.0448405164285339, 0.00019498020227043123,
  -0.0013197399563750606, 0.0]
skew: 0
